parallax = 13.27431, 0.03535
g = 15.265, 0.05
r = 13.626, 0.05
i = 12.915, 0.05
z = 12.719, 0.05
J = 11.084, 0.021
H = 10.487, 0.021
K = 10.279, 0.018
Kepler = 13.33
